1.720286250114440918e+00
6.972033530473709106e-03
9.999999747378751636e-05
9.999999747378751636e-05
1.345430314540863037e-01
1.026873439550399780e-01
1.030855536460876465e+00
5.906808376312255859e-01
6.637945771217346191e-01
6.656787395477294922e-01
4.315108776092529297e+00
9.999999747378751636e-05
2.409484982490539551e-02
1.001850541797466576e-04
2.279958277940750122e-01
4.912441730499267578e+00
9.999999747378751636e-05
2.348099201917648315e-01
7.369971871376037598e-01
1.628748476505279541e-01
1.715514212846755981e-01
1.008599865599535406e-04
2.977682352066040039e-01
2.087677596136927605e-03
7.313564300537109375e+00
5.131498724222183228e-02
1.323489665985107422e+00
6.224214285612106323e-02
4.956430569291114807e-02
7.034107297658920288e-02
1.000000047497451305e-04
9.999999747378751636e-05
9.415839195251464844e+00
3.714391216635704041e-02
3.938302040100097656e+00
2.018071115016937256e-01
2.773304004222154617e-04
4.817771166563034058e-02
9.999999747378751636e-05
2.792763710021972656e-01
4.952315390110015869e-01
2.058076672255992889e-03
3.717744946479797363e-01
1.000022675725631416e-04
3.748933668248355389e-04
3.728567680809646845e-04
3.791851043701171875e+00
9.999999747378751636e-05
5.432588577270507812e+00
3.017710924148559570e+00
1.367384243011474609e+01
9.999999747378751636e-05
1.000558622763492167e-04
1.746770367026329041e-02
1.526539176702499390e-01
2.911814488470554352e-02
3.640869632363319397e-02
5.489466711878776550e-02
4.804061949253082275e-01
8.316102981567382812e+00
1.000004631350748241e-04
3.167428374290466309e-01
5.279848119243979454e-04
9.999999747378751636e-05
2.329187933355569839e-03
9.999999747378751636e-05
3.597237348556518555e+00
9.999999747378751636e-05
9.921900182962417603e-02
4.320640861988067627e-01
3.040529489517211914e-01
1.000018746708519757e-04
9.999999747378751636e-05
1.686190217733383179e-01
1.207273802720010281e-03
1.025263991323299706e-04
2.222532778978347778e-01
9.565816819667816162e-02
1.413443684577941895e-01
1.000007468974217772e-04
2.890060283243656158e-02
3.037812948226928711e+00
1.023182121571153402e-04
2.936184965074062347e-02
1.000004194793291390e-04
9.141470491886138916e-02
9.999999747378751636e-05
9.999999747378751636e-05
5.665943622589111328e-01
9.999999747378751636e-05
1.865676689147949219e+01
1.086549673345871270e-04
3.046428263187408447e-01
1.757917255163192749e-01
1.779432445764541626e-01
4.900678396224975586e-01
2.380547523498535156e+00
9.999999747378751636e-05
8.833538293838500977e-01
4.074090123176574707e-01
9.644157886505126953e-01
9.999999747378751636e-05
9.999999747378751636e-05
3.040183186531066895e-01
2.180034816265106201e-01
9.999999747378751636e-05
8.830733597278594971e-02
9.264744818210601807e-02
2.536517083644866943e-01
1.691175103187561035e-01
4.560002088546752930e-01
1.026752943289466202e-04
1.560588002204895020e+00
7.295258641242980957e-01
9.999999747378751636e-05
4.346960186958312988e-01
1.000000120257027447e-04
7.373932003974914551e-02
1.963746070861816406e+01
1.203315705060958862e-01
1.272813320159912109e+01
1.438806295394897461e+00
1.386237796396017075e-03
2.115153312683105469e+00
7.589838001877069473e-03
9.999999747378751636e-05
7.513841148465871811e-03
1.698227047920227051e+00
4.020252227783203125e+00
9.999286651611328125e+00
1.450300067663192749e-01
2.645715713500976562e+00
3.694280683994293213e-01
9.999999747378751636e-05
8.743844032287597656e-01
9.999999747378751636e-05
1.497593009844422340e-03
1.607993431389331818e-02
1.023997552692890167e-03
6.036276221275329590e-01
1.229485496878623962e-04
1.719316989183425903e-01
1.104388292878866196e-02
5.409896373748779297e-01
1.049971091561019421e-03
7.781735062599182129e-02
7.000937312841415405e-02
9.999999747378751636e-05
1.311426609754562378e-01
2.793521562125533819e-04
1.243827417492866516e-01
9.596638679504394531e+00
2.402064390480518341e-02
1.619806699454784393e-02
1.111061573028564453e+01
1.146612688899040222e-02
3.635606262832880020e-04
1.011514759738929570e-04
1.000935735646635294e-04
1.028297841548919678e-01
1.107532298192381859e-04
8.402379751205444336e-01
6.959525346755981445e-01
1.544286847114562988e+00
2.497810497879981995e-02
3.014071146026253700e-03
4.874444857705384493e-04
3.294233560562133789e+00
9.999999747378751636e-05
3.031040132045745850e-01
9.999999747378751636e-05
1.004081423161551356e-04
2.140784412622451782e-01
9.999999747378751636e-05
1.770983815193176270e+00
9.999999747378751636e-05
9.999999747378751636e-05
1.000024567474611104e-04
3.727765288203954697e-04
1.131899118423461914e+00
4.765718430280685425e-02
1.313789635896682739e-01
9.999999747378751636e-05
9.999999747378751636e-05
9.736361503601074219e-01
3.141349315643310547e+00
9.050092101097106934e-01
1.000000120257027447e-04
1.387113571166992188e+00
2.421343624591827393e-01
2.047106504440307617e+00
1.973421126604080200e-02
4.597511142492294312e-02
6.370972156524658203e+00
9.999999747378751636e-05
7.885412871837615967e-02
5.283862948417663574e-01
7.739374786615371704e-02
9.999999747378751636e-05
3.100577294826507568e-01
