9.834922790527343750e+00
2.320425605773925781e+01
1.997511267662048340e+00
2.336419105529785156e+00
3.868373930454254150e-01
5.782185077667236328e+00
3.024858713150024414e+00
1.260403752326965332e+00
3.339349985122680664e+00
1.190298557281494141e+00
8.085509300231933594e+00
1.381181001663208008e+00
1.415383934974670410e+00
3.817134201526641846e-01
1.804961013793945312e+01
1.888491511344909668e+00
1.702847099304199219e+01
2.756583929061889648e+00
1.186618518829345703e+01
1.061351776123046875e+00
1.258356285095214844e+01
2.909108996391296387e-01
2.740467548370361328e+00
5.019920468330383301e-01
7.914295673370361328e+00
5.462040901184082031e-01
6.275237083435058594e+00
7.387408614158630371e-01
2.506378412246704102e+00
2.324974536895751953e+00
3.040245294570922852e+00
1.834622192382812500e+01
9.890384972095489502e-02
2.806360721588134766e+00
5.011399269104003906e+00
5.052925586700439453e+00
1.010911822319030762e+00
1.762579083442687988e-01
8.919909477233886719e+00
1.358664482831954956e-01
2.726849615573883057e-01
2.544774055480957031e+00
2.600167083740234375e+01
1.948829531669616699e+00
1.635977178812026978e-01
1.719545483589172363e+00
2.896168470382690430e+00
2.342500686645507812e+00
8.449588775634765625e+00
8.569754362106323242e-01
1.503811478614807129e+00
2.925863265991210938e-01
1.183513879776000977e+00
3.230232954025268555e+00
2.392810630798339844e+01
1.529386901855468750e+01
2.923086166381835938e+00
5.044047355651855469e+00
1.286691546440124512e+00
4.750692367553710938e+00
1.593858242034912109e+00
5.329802036285400391e+00
1.454983115196228027e+00
4.001667976379394531e+00
2.353486537933349609e+00
7.708606719970703125e-01
9.987461566925048828e-01
4.551719501614570618e-02
5.172438025474548340e-01
1.072626352310180664e+00
2.956468343734741211e+00
2.609378576278686523e+00
2.228750610351562500e+01
1.659367084503173828e-01
6.484949588775634766e+00
5.487406253814697266e+00
5.398299217224121094e+00
3.620408773422241211e+00
3.131119310855865479e-01
5.036990165710449219e+00
4.622362136840820312e+00
2.588237047195434570e+00
3.282631039619445801e-01
1.293589305877685547e+01
4.859070777893066406e+00
3.970158100128173828e+00
1.113650351762771606e-01
5.084561109542846680e-01
4.475027084350585938e+00
3.903772532939910889e-01
5.977977752685546875e+00
1.831668090820312500e+01
1.978757739067077637e+00
3.325291872024536133e+00
2.726848363876342773e+00
2.824020147323608398e+00
3.997414350509643555e+00
2.541063725948333740e-01
5.748035430908203125e+00
2.644286155700683594e+01
1.223361968994140625e+00
9.763382911682128906e+00
2.813724279403686523e+00
1.160335421562194824e+00
1.304189682006835938e+00
4.082817554473876953e+00
1.980383694171905518e-01
4.285228252410888672e+00
3.182405531406402588e-01
1.489155769348144531e+01
5.879556179046630859e+00
2.272561073303222656e+00
4.458027839660644531e+00
1.102071523666381836e+00
2.814480066299438477e+00
8.284482955932617188e+00
5.281546339392662048e-02
2.079913616180419922e+00
6.659822463989257812e-01
2.722838401794433594e+00
2.205688953399658203e+00
3.783108592033386230e-01
8.885874748229980469e+00
1.403073692321777344e+01
1.130183887481689453e+01
5.819474458694458008e-01
1.213148534297943115e-01
3.960143566131591797e+00
1.161222743988037109e+01
2.215110778808593750e+00
5.921226024627685547e+00
1.250400304794311523e+00
6.164179801940917969e+00
2.269973516464233398e+00
6.531922817230224609e-01
1.212360572814941406e+01
1.126389980316162109e+01
2.154654741287231445e+00
3.130818307399749756e-01
2.277525216341018677e-01
1.872294664382934570e+00
4.177480220794677734e+00
1.684159398078918457e+00
5.709635615348815918e-01
8.463867187500000000e+00
2.579114675521850586e+00
6.303746223449707031e+00
1.947347760200500488e+00
1.213368535041809082e+00
1.553875207901000977e-01
9.275827407836914062e-01
1.420398473739624023e+00
1.236779570579528809e+00
1.495755386352539062e+01
1.587841272354125977e+00
2.449018001556396484e+00
9.958724021911621094e+00
1.636684983968734741e-01
2.333688974380493164e+00
7.091310620307922363e-02
5.899727344512939453e+00
3.557955265045166016e+00
4.300972938537597656e+00
9.220880508422851562e+00
5.664559364318847656e+00
6.604582786560058594e+00
2.984476804733276367e+00
8.386202812194824219e+00
4.000953197479248047e+00
3.585970878601074219e+00
8.585655093193054199e-01
9.473337173461914062e+00
1.168077588081359863e+00
6.502375602722167969e-01
5.138449668884277344e+00
1.435115051269531250e+01
1.505771756172180176e+00
5.074274063110351562e+00
1.074671268463134766e+01
2.281131029129028320e+00
1.452868700027465820e+00
4.385336875915527344e+00
1.119335070252418518e-01
8.688220381736755371e-01
6.777150154113769531e+00
1.722102999687194824e+00
1.287420392036437988e+00
1.572445392608642578e+00
2.154245376586914062e+00
9.607324004173278809e-01
3.505721330642700195e+00
2.457768058776855469e+01
5.590160369873046875e+00
1.244670009613037109e+01
6.912759304046630859e+00
3.089141130447387695e+00
8.164349555969238281e+00
3.675256967544555664e+00
8.337244987487792969e+00
1.089027595520019531e+01
